0.213747862765 0.0373940162534 0.182684774656 -0.0457377099753
0.0916727150899 0.0474521026959 0.105472612605 -0.0847963416277
0.455346734018 0.0426019573851 0.597096691652 -0.0664506074854
-0.305248038479 0.0112545570111 -0.200758521882 -0.0144346668964
-0.319648022576 0.00987652735768 -0.210095114392 -0.012752654685
0.271692263234 0.0270694237193 0.288993455972 -0.0395376927861
0.0543584456217 0.0156993836742 0.0617250258712 -0.0283536655287
0.288446308043 0.0249625136203 0.877248603196 -0.102976028933
0.438318188495 0.0258118539534 0.493076241378 -0.0350335273091
-0.011825911312 0.0396778633278 -0.0108964385013 -0.0605670944213
0.486662531632 0.00768226903136 0.634501963634 -0.0116004488379
0.0986031195028 0.0116003616799 0.0842848211203 -0.0153323985476
0.197645285245 0.0175321269519 0.419557422238 -0.0538605288607
0.239218115853 0.00862413641019 0.322424211356 -0.0163388662786
0.149978078452 0.0142213952823 0.190488484214 -0.0270015184027
0.23431118873 0.082307020917 0.235412861156 -0.116643407502
0.122405251019 0.00518717411705 0.129531908083 -0.00835699448409
-0.339745517391 0.0219970692158 -0.292161500517 -0.037541089481
-0.0997967546067 0.252644960909 -0.0612782175437 -0.270650451616
0.242259243995 0.0192038004591 0.479068535648 -0.0532643425142
-0.0622820554696 0.0448123898288 -0.0519393596831 -0.0637969328313
-0.339847087399 0.0219924616467 -0.292227285856 -0.0375323779921
0.487060245427 0.0199847122401 0.559325527715 -0.026571184785
0.226824371645 0.0215819165657 0.373436227291 -0.0503850774518
0.618798995455 0.023490695633 0.714387328732 -0.0278259823686
-0.285620057433 0.0109199774055 -0.18018572693 -0.0132989486662
0.329240491391 0.00747972272464 0.430937669581 -0.0128799719522
0.211325866932 0.016872751021 0.21107613595 -0.0241589737158
0.210768535019 0.0241233835131 0.217007978134 -0.0356191101991
-0.10437750497 0.0498494069635 -0.0973359753461 -0.0813155619977
0.00201027142693 0.0348406528774 0.0028051741813 -0.0798707152161
2.30547352063 0.000517878220731 2.68434233824 0.000398342878851
0.203920652807 0.0279732485223 0.222158588775 -0.0439125420599
0.490550336288 0.0102660547856 0.539502630864 -0.0130326730535
0.618035113539 0.0049566500134 1.14629445742 -0.00943984769602
2.41268570418 0.000316234489232 4.06713398777 0.000409320234103
2.91803566359 0.000448174830559 3.19719746804 0.000625196920838
2.55673976019 0.000402959644177 3.4247240324 0.000492199561032
-0.000487593755726 0.0218901770712 -0.000422200726501 -0.0311864609625
0.573316772065 0.004980127754 0.904879378034 -0.00842255082869
0.223807844505 0.0451382685167 0.266904640241 -0.0764951297132
0.208781863518 0.0242289880731 0.217630238859 -0.0362691926448
-0.0118522327438 0.079035604119 -0.00923606546664 -0.102036373999
0.0863687882119 0.0105533803304 0.0809069357937 -0.0154071779496
-0.109929891922 0.0235342455028 -0.102941517068 -0.0386721742248
0.216108023921 0.0260605591884 0.226064538979 -0.0389493476434
0.252831433119 0.00592749342904 0.219272337464 -0.0071559948712
0.176041501432 0.0230639605943 0.183126627554 -0.0352400543944
0.242030992552 0.0192197999285 0.478651242926 -0.0533211903667
0.173872052311 0.0109731971036 0.180467921163 -0.0167536966754
0.420721587226 0.0286912636855 0.479923493233 -0.040064078277
0.243238056183 0.0282118010027 0.279767652862 -0.045480549212
2.87728018429 0.000426696410056 3.29151275955 0.000601580050068
0.112405882542 0.0151334528145 0.460977121309 -0.0951073394832
-0.038390362536 0.0478286936091 -0.0383761021084 -0.0804774558967
0.122408484428 0.043834624928 0.11189319046 -0.0610029846759
0.616642445186 0.0153709544249 0.940136220439 -0.024095754363
0.11733987913 0.128157059355 0.0962461556359 -0.160570373026
0.443613832454 0.0293391417182 0.70488985767 -0.0560006796884
0.0692676201799 0.0318941385035 0.0877215222531 -0.0636398113426
-0.339613711302 0.0219940244241 -0.292196241766 -0.0375524319948
0.40631371793 0.0171456010965 0.535434026867 -0.0279838331431
0.145092934943 0.00581468578756 0.149287699574 -0.00897275848761
0.103888442347 0.0124769956277 0.0920058423219 -0.0170275051606
0.298886997371 0.014846512077 0.272786361334 -0.0182378802255
0.646011161989 0.0505064175669 0.638213651695 -0.0498390356582
0.268516276512 0.0286538911425 0.273723125396 -0.0402021589473
0.716120043265 0.00858616784525 0.816836308336 -0.0090957754203
-0.25992316387 0.0103392117733 -0.16424967668 -0.0124448899396
0.212480023854 0.0234303599514 0.217766080039 -0.0343959569365
-0.0150774370662 0.0424707328527 -0.0126274764986 -0.0590430592594
0.142295474256 0.00439832891198 0.173689519521 -0.0080668042578
0.27621087632 0.0132523399316 0.233684250132 -0.0153451569849
0.455918283743 0.00917171615455 0.535629966766 -0.012811108238
0.327102480803 0.0278877254079 0.376732262694 -0.0423248543542
0.105031887169 0.0120847225394 0.124806430595 -0.0221117402736
0.520899932145 0.0634638864238 0.499271875123 -0.0683687885701
-0.147109733404 0.176283991511 -0.104019447222 -0.223365005869
0.504876391843 0.00498364856698 0.769046601748 -0.00865388624732
0.501024063551 0.00842695125293 0.569893152234 -0.0109639400554
0.151458585559 0.0269253117258 0.211876985123 -0.0562503634432
0.265622102432 0.0283414182254 0.273160250282 -0.0401987034748
-0.0368422279095 0.0462839553704 -0.037597413928 -0.0794309960968
0.0509067342527 0.0641315249271 0.0568427342731 -0.114141910455
0.238623816 0.0472506320553 0.249402586067 -0.0694466160455
-0.232690221899 0.0477310059016 -0.103284953098 -0.039778609539
0.0220919250068 0.0329443728423 0.0227003734591 -0.0549332679519
0.23005811182 0.025307965225 0.335778188505 -0.0522595702735
0.127364677123 0.0509041474277 0.152178275881 -0.0922958907898
0.233026998464 0.0186130534849 0.468496497865 -0.0528322494008
0.181371670371 0.00110419845509 0.243165846532 -0.00216654458899
0.231698891974 0.09333287213 0.213767623638 -0.121686477907
0.151292801024 0.0457769360086 0.235992239289 -0.106647110355
0.391959508359 0.0243932077005 0.462102876444 -0.0360313680493
0.449384419195 0.0260320802505 0.565733987064 -0.0391779338111
-0.0599615975011 0.020107183277 -0.0535366281661 -0.0306059857599
0.129161097114 0.0143352801995 0.162328612343 -0.0273074185609
