320001
260101
320006
1
260104
213001
213003
320012
260109
260110
213008
519185
161810
260115
260116
519704
257050
163503
660001
255010
310308
660005
340006
340007
340008
20009
20010
510130
257070
233007
233009
20021
20023
310328
160314
585001
217013
320011
40004
360005
700001
163402
360011
510030
40015
163409
210002
530003
210004
530005
530006
210007
40025
530011
530012
530016
257040
450009
217019
50022
519697
460220
540007
519698
160616
550002
510070
550008
550009
160106
202005
80001
80002
165508
80005
80007
165512
150103
400015
570005
570006
110021
40011
420003
420005
159915
161211
100016
398001
206002
590003
90007
590005
590006
206007
206009
100026
100029
376510
270021
20001
270028
398031
290005
610006
290008
290011
160805
159909
90013
460005
460007
398061
630001
630002
630005
320016
481015
630008
161017
630010
610005
160512
288001
288002
290006
450007
510220
379010
310318
510230
163801
610002
20015
373020
163110
202023
202025
180010
519979
180013
519983
350001
180018
519987
180020
519991
350008
206005
200001
161605
161609
200010
160311
161611
510290
510010
160607
519008
540002
540003
160613
540006
410001
540008
160105
540010
70001
519029
70006
160119
519033
70013
257030
519039
240001
70022
240008
240009
240010
70027
161005
240016
240017
162711
410006
410007
162201
162203
519068
162205
162207
162208
90011
580005
580008
217001
217002
360007
519087
110001
217010
519091
217012
519093
519095
519097
519099
110013
161219
630006
110023
110026
160716
160211
160505
151001
163805
163807
163809
163810
2021
257010
519668
519670
519672
519674
257020
